165
2746
5206
8479
1985
4092
5519
9174
9233
3012
8825
6952
3838
8244
7768
9359
7885
9815
2410
5121
3789
3323
227
6847
1121
6372
4132
4287
7083
472
5247
8047
9570
6804
2877
1554
7247
8395
7079
2832
7759
5903
9783
1596
498
7551
954
4734
3717
9716
9854
3857
3038
81
704
510
2804
4835
4796
9886
1659
6394
4284
7580
9549
7160
9133
6796
5555
2563
9627
3313
4817
5761
1260
5315
9663
8566
48
3380
4633
9902
7236
4022
6334
4291
4531
9137
9126
5679
9023
7136
2072
3306
4715
7973
466
199
4768
2372
2761
746
2036
3929
2858
3295
9243
2521
8212
9291
2252
2844
9192
9487
6865
5525
3778
1396
1013
9255
3426
35
6390
5497
9693
7456
9821
6510
7654
4588
8881
6766
1685
916
694
4543
562
6289
3415
8774
5579
5666
1617
4770
1504
4834
6646
5281
2581
4010
887
6006
4045
3628
7854
89
7435
7675
6598
5088
2262
5478
8205
299
2745
5251
193
6
39
7
79
17
72
48
38
75
81
35
8
61
44
46
66
40
74
19
28
8
45
25
48
7
54
4
57
98
54
49
56
44
55
86
12
78
85
1
52
65
35
11
77
31
57
94
22
82
65
50
89
9
26
88
67
32
92
23
81
97
71
36
93
77
22
4
54
58
57
58
23
43
68
51
73
24
45
95
57
61
96
98
69
73
85
36
4
28
10
85
77
33
72
21
9
45
24
15
3
80
72
25
75
39
27
47
15
23
93
71
83
40
68
52
13
5
39
68
84
100
52
60
32
24
80
93
68
56
7
70
87
78
46
61
16
25
60
82
47
4
5
30
44
72
33
56
28
23
23
12
22
27
23
54
2
55
46
69
10
52
91
48
81
88
61
48
12
20
30
59
23
34
40
66
57
24
73
85
46
48
96
19
26
70
24
27
24
69
47
33
72
89